5.409725294777101290e-02 5.682353451538223466e-01 7.378630742643506046e-01 3.345472506666267609e+00
3.748222438044819249e-01 5.939379788134421245e-01 2.042631943593541610e+00 3.964916837730211085e+00
3.224993781307794460e-01 9.573961353541105002e-02 1.751240409814675658e+00 2.214329432355799376e+00
4.225489154501982370e-01 5.993527921704329131e-01 2.167831605414799689e+00 4.009136987806772190e+00
2.825440266770422593e-01 5.879203561716113136e-01 1.611041757813693076e+00 3.984297871330347629e+00
7.312708420293704270e-01 4.305725913212018474e-01 3.762466836620524280e+00 3.816016811404335130e+00
3.268344126940706529e-01 5.656629155045822532e-01 1.710580062882085750e+00 3.849033893174762522e+00
8.885603760116811412e-02 5.363793264376993664e-01 8.739607350114773077e-01 3.325048770356877625e+00
2.645331423107026847e-01 2.077078156074221305e-01 1.504840888256848253e+00 2.562058178735273195e+00
8.550238977746583702e-01 7.811605020055042425e-01 4.758282115616906616e+00 5.098967488436348283e+00
4.206032737380972497e-01 4.484964851404352748e-01 2.008108512924675626e+00 3.466437759838618682e+00
9.653659021491236558e-01 1.468211882820009695e-01 5.511201803640142671e+00 3.295357231482731741e+00
5.418427429314125465e-01 3.037747436297059123e-01 2.968704535472583839e+00 3.322155599516805502e+00
5.041441204080975291e-01 1.504349596375140763e-01 2.736660273620530770e+00 2.638578439827891309e+00
1.679977121956264252e-01 8.373241320211374239e-01 1.086900618879254043e+00 4.487693669065285995e+00
2.670435754008101403e-01 5.575548383720682066e-01 1.283880370395633852e+00 3.597610353387018733e+00
1.728321303752761162e-01 7.955848358136730081e-02 1.183263227890489544e+00 1.953099469578079228e+00
3.311469082342664016e-01 8.545871945422600646e-02 1.942928043229403379e+00 2.063766924023108018e+00
1.920875975341849173e-01 3.455686774999218169e-01 1.288403386339187939e+00 2.925493266186844021e+00
6.291002993563776791e-02 9.505610438225666758e-01 7.004597330250388332e-01 4.761326424588958162e+00
1.175276075128540709e-01 5.106228962272202354e-01 7.455546324130385427e-01 3.131936907186454899e+00
6.763206301965565270e-01 8.843845678359706364e-01 3.449240533562902833e+00 5.281937930317239349e+00
6.168808625215327357e-02 4.915206579769488826e-01 7.939301951864611295e-01 2.986566424943593479e+00
5.636616992539564830e-01 8.210548845987361011e-01 2.930850480168068373e+00 4.923055447641126570e+00
2.066986024598261862e-01 3.943245829723489582e-01 1.347421087300484821e+00 3.105085901511455138e+00
1.347919600004928720e-01 7.625654872560191366e-01 1.032635055572365346e+00 4.156068182083320295e+00
7.892590873962282982e-01 7.380153995025248159e-01 4.414285254270955861e+00 5.169403188431691554e+00
3.163372559217784152e-01 3.047060158439195421e-01 1.754225788230973748e+00 3.005144636979908856e+00
3.569237983223583210e-01 1.297772127077018167e-01 1.876779416503078224e+00 2.654796734133703762e+00
9.486296309820760886e-01 7.487342534420315943e-02 5.587632362596882452e+00 3.136050971609360971e+00
7.206232919052870667e-01 8.982691851126926030e-01 4.006558787968833357e+00 5.456946811588470503e+00
8.173241144750031939e-02 9.700953578724424986e-01 8.079399149646143696e-01 4.650912113416196370e+00
6.243450338417300127e-02 5.726492197128082440e-01 4.617488031831730178e-01 3.560974167911399757e+00
3.667657544138853698e-01 8.533726830979966316e-01 1.894034351644998670e+00 4.809312019136217309e+00
4.388943925361565856e-02 9.123379564590262669e-01 6.445872007786791480e-01 4.474496140212983697e+00
3.409775379808440698e-01 6.819409818268029611e-02 1.821643266013858842e+00 2.122900110074035673e+00
9.795789843945408304e-01 8.488145721790760767e-01 5.553328413753630954e+00 5.582943008363618453e+00
7.591348417092800283e-01 1.211685481701749723e-01 3.999266190041199209e+00 2.721681740059779031e+00
4.959763224344786448e-01 2.309464992900120972e-01 2.584620662171139838e+00 2.838976300262592734e+00
8.289556772475010771e-01 7.003384822554320488e-01 4.533136295978867025e+00 4.826103002869329472e+00
5.901568452619860849e-01 7.550168946003371628e-01 2.966392879941585292e+00 4.804783856916492013e+00
1.016750283527776411e-01 7.948538654272288007e-01 7.919136662825101425e-01 4.196130434837781031e+00
8.877717960239644990e-01 5.023753273169825340e-01 4.951187784544759829e+00 4.346343640910568240e+00
2.646478803584636497e-01 3.038675731199348418e-01 1.591863750483363260e+00 2.999592034313477207e+00
2.497659569199425222e-01 4.587532740308971624e-01 1.423732424644816863e+00 3.251784353308514675e+00
6.600104720380323142e-01 5.885813075220465151e-01 3.242309317148442727e+00 4.551190666506315985e+00
9.536433139727168440e-01 2.290695571900833727e-01 5.510779610138592410e+00 3.608173995827136160e+00
1.525114346055161940e-01 6.422301804169670003e-01 1.026804244745655570e+00 3.838442781688612193e+00
7.522969954577293228e-01 1.533432155098151117e-01 4.097860979491725786e+00 3.022455338115616286e+00
1.315226778907744309e-01 9.221962454798811049e-01 9.417624273919906752e-01 4.616191396577506545e+00
6.596634030086802047e-01 2.173466588313718306e-01 3.412591595030726399e+00 3.103977577806737553e+00
2.204701634224808249e-01 6.395799921551681422e-02 1.368186005830420715e+00 2.015478109732747214e+00
2.827278136364809180e-01 6.785321790738222392e-01 1.682859230102991877e+00 4.123534482595021977e+00
4.725692098159804955e-01 7.578547770939703110e-01 2.656501304997493040e+00 4.526295379810163944e+00
7.813252207034571128e-01 8.486101872793854195e-01 4.303795761126122166e+00 5.434131292190797602e+00
6.251307446910381316e-02 3.069994859464897363e-01 7.237726925275552725e-01 2.703112022375571133e+00
6.694341325795749587e-01 5.319585314439390089e-01 3.590831355308677253e+00 3.940854844598018936e+00
8.923768111495861133e-01 8.500353130605108332e-01 4.990308599591256389e+00 5.504546165072440544e+00
5.007510957404620600e-01 3.929301093987079829e-01 2.597084637316959821e+00 3.291548618124640058e+00
6.791598431511616241e-01 6.449612671624960214e-01 3.569354509378945828e+00 4.422054182167114433e+00
8.581903851395453753e-01 9.808747062389429061e-01 4.865162192246953232e+00 5.634392964601578235e+00
1.684212932538392549e-01 2.428102684154928026e-01 1.087209257473810586e+00 2.587130569134768354e+00
5.367462609991935363e-01 5.107266293586237849e-01 2.678527510645477783e+00 3.990358087856015867e+00
6.793815292902571912e-03 1.478269944384121848e-01 6.343620716116296077e-01 2.191863170940701711e+00
7.790647202138173411e-01 8.281037430492070861e-01 4.280684460056777496e+00 5.374314732603540534e+00
3.777194626111234355e-01 9.919360234021513678e-01 1.924191743781100472e+00 5.227683159155381176e+00
5.203841179378885240e-01 4.738917126458306317e-01 2.743713275061301804e+00 3.699704174645666477e+00
4.929806604262536585e-01 4.980786291673449107e-01 2.630368649789119218e+00 3.905145945002510111e+00
9.996412051992059622e-01 9.944078050659854728e-01 5.777976342055080039e+00 6.173149210927170394e+00
3.954364377567377575e-01 3.177790011993860686e-01 1.946785839508337723e+00 3.119173114792513246e+00
9.800617249793533992e-01 4.434041606820204873e-01 5.615205976888129946e+00 4.174537980235276891e+00
2.460927190710703316e-01 1.351120196680144492e-02 1.419246678914100723e+00 1.670529262455218378e+00
1.451742179555695067e-01 1.953890715374351217e-01 9.985744876008951776e-01 2.280750176487456482e+00
6.418466665273180327e-01 7.343278761271514465e-01 3.408337992921372184e+00 4.816900361754929527e+00
6.399362063472735507e-02 7.906241157199385139e-01 8.641817700417743220e-01 4.009950251294699619e+00
1.123151021672239569e-01 1.275061454772619118e-01 7.893789905743576751e-01 2.017990504702427135e+00
8.640506119333444257e-01 5.467948688323898132e-01 4.541464452949661279e+00 4.370912043893851795e+00
7.718759967544577272e-01 4.250114419282585709e-01 4.312772347992430255e+00 4.005147929809069751e+00
4.576650275402329715e-01 2.979419080498202366e-02 2.251824543496606434e+00 2.325743175233793369e+00
8.423682751348915421e-01 7.632518635440361798e-01 4.549055885255467224e+00 5.070245627484308848e+00
3.739674501188303690e-01 3.669038958850568966e-01 2.040581803151597207e+00 3.047596869869541703e+00
5.384437512770553491e-01 6.517682987323647481e-01 2.869338461330947609e+00 4.482781228477429103e+00
6.364822062372397227e-01 3.615737060790708002e-01 3.527463147027030121e+00 3.437595116139906093e+00
8.074026544786608861e-01 1.246932429761002936e-01 4.584897144793654178e+00 2.928269738149953838e+00
5.986615484372850293e-01 3.523035060483961090e-01 3.148380702130182396e+00 3.271165493299240001e+00
1.460366191049058404e-01 7.383873103560980589e-01 1.058951708652199342e+00 3.981572219962810077e+00
6.222912000460339987e-01 5.559096771632756617e-01 3.239022320527726873e+00 4.258014829576435289e+00
3.265076909038466813e-02 5.502180575713109256e-01 7.709142320791364522e-01 3.396135454686894484e+00
9.736830012870220097e-01 8.361569522891562078e-01 5.534105869788001009e+00 5.513854321222734889e+00
8.697299317122075824e-01 8.090362246051804318e-01 4.699423829709878930e+00 5.321620157128580608e+00
5.699891917628844284e-01 8.422227741758905317e-01 2.928585596387070389e+00 5.061962070851259377e+00
1.168691417476136474e-01 7.931521526309505132e-01 7.775998142463818041e-01 4.322704006769675367e+00
9.094335010633979310e-01 1.782945575405675553e-01 5.111174902087698868e+00 3.186346458547322680e+00
1.804010324194464943e-01 9.547744080828184376e-01 1.150316174779809852e+00 4.869384756345370491e+00
5.468068797427004801e-01 7.572594314919678382e-01 2.949153664065215619e+00 4.763139742393937226e+00
4.766283071474163302e-01 4.388233081169817806e-01 2.482056205661170356e+00 3.642162923693689436e+00
4.871591527743379668e-02 6.558998050665608703e-01 5.746858447251045332e-01 3.792018153617503273e+00
9.761078593468542897e-01 3.141700255698938182e-01 5.517907157628001436e+00 3.602879636499926264e+00
7.707966173084903616e-01 3.439807016797956640e-01 4.116901766624487813e+00 3.475142828594712796e+00
1.847419000489874952e-01 9.715074700051617995e-02 1.116376323169514739e+00 1.867076016081060663e+00
